数据集： camelOSA
seed id the  0 st 
XX原始数据集： <module 'ReadDataSets' from 'D:\\PycharmProjects\\software_defect_prediction-master\\ReadDataSets.py'>
bound: 1.152921504606847e+18
292356327312835456
010000001110101010001000011111011101010100011100001110000000
010000001110101010001000011111011101010100011100001110000000
<class 'str'>
[0.       0.       0.       0.       0.       0.       0.       0.
 0.       0.       0.       0.       0.       0.       0.       0.
 0.       0.       0.       0.       0.       0.       0.       0.
 0.       0.       0.       0.       0.       0.       0.       0.
 0.       0.       0.       0.       0.       0.       0.       0.
 0.       0.       0.       0.       0.       0.       0.       0.
 0.       0.       0.       0.       0.       0.       0.       0.
 0.       0.       0.       0.       0.       0.       0.       0.135065
 0.       0.       0.       0.       0.33121  0.       0.       0.
 0.       0.       0.       0.       0.       0.       0.       0.
 0.       0.       0.       0.       0.       0.       0.       0.
 0.       0.253938 0.       0.       0.       0.       0.476499 0.
 0.       0.754951 0.       0.       0.       0.       0.       0.
 0.       0.       0.       0.       0.       0.       0.       0.
 0.       0.       0.       0.       0.       0.       0.       0.
 0.       0.       0.       0.       0.       0.099187 0.       0.
 0.       0.       0.       0.       0.       0.       0.       0.
 0.       0.       0.       0.       0.       0.       0.       0.
 0.       0.       0.       0.       0.068282 0.       0.       0.
 0.       0.       0.       0.       0.       0.       0.       0.
 0.       0.       0.       0.       0.       0.       0.       0.
 0.21791  0.       0.       0.       0.       0.07766  0.222689 0.
 0.064439 0.       0.049815 0.       0.       0.       0.       0.
 0.       0.       0.       0.       0.5      0.486957 0.       0.
 0.411111 0.420455 0.       0.       0.       0.       0.       0.
 0.       0.       0.       0.       0.       0.       0.       0.
 0.       0.       0.       0.       0.       0.727891 0.       0.
 0.       0.214654 0.       0.       0.       0.       0.       0.
 0.       0.       0.       0.       0.       0.       0.       0.
 0.       0.       0.       0.47651  0.196721 0.       0.       0.
 0.       0.       0.087413 0.       0.       0.       0.       0.154687
 0.273904 0.       0.       0.324468 0.       0.       0.       0.
 0.       0.       0.       0.       0.       0.48366  0.254369 0.
 0.168067 0.       0.       0.       0.       0.       0.       0.
 0.       0.       0.       0.       0.       0.       0.       0.
 0.       0.       0.       0.       0.       0.       0.108392 0.
 0.       0.       0.       0.       0.       0.       0.       0.
 0.       0.       0.       0.       0.       0.       0.590643 0.
 0.       0.       0.       0.       0.       0.       0.       0.
 0.       0.       0.10828  0.       0.       0.       0.       0.
 0.       0.119449 0.       0.       0.       0.171271 0.       0.
 0.       0.       0.       0.       0.       0.       0.       0.
 0.       0.       0.       0.       0.161759 0.       0.       0.
 0.       0.       0.       0.       0.       0.       0.       0.
 0.       0.       0.       0.       0.       0.       0.       0.
 0.       0.       0.       0.       0.       0.       0.       0.
 0.       0.       0.       0.       0.       0.       0.       0.
 0.       0.       0.       0.       0.208633 0.       0.       0.
 0.       0.       0.442379 0.       0.       0.       0.       0.
 0.       0.       0.       0.       0.       0.163591 0.       0.
 0.       0.       0.       0.       0.       0.       0.       0.
 0.       0.       0.       0.       0.       0.       0.       0.
 0.       0.       0.       0.317224 0.       0.       0.       0.
 0.       0.       0.       0.       0.       0.       0.       0.
 0.       0.       0.       0.       0.       0.       0.       0.
 0.       0.       0.       0.       0.       0.       0.       0.188742
 0.       0.265116 0.       0.389091 0.       0.       0.       0.
 0.       0.       0.       0.       0.205714 0.       0.       0.146045
 0.       0.       0.       0.       0.       0.       0.       0.
 0.       0.       0.       0.       0.       0.       0.822581 0.822581
 0.       0.       0.       0.       0.       0.       0.       0.
 0.       0.       0.       0.       0.       0.       0.       0.
 0.       0.       0.       0.       0.       0.       0.       0.
 0.       0.       0.       0.717241 0.       0.       0.       0.
 0.       0.       0.       0.       0.       0.       0.       0.
 0.       0.       0.       0.       0.09409  0.       0.       0.
 0.       0.       0.       0.       0.       0.       0.       0.
 0.       0.       0.       0.       0.367876 0.       0.       0.
 0.       0.       0.       0.       0.       0.       0.       0.
 0.       0.       0.       0.       0.       0.       0.       0.
 0.       0.       0.       0.       0.       0.       0.       0.
 0.       0.       0.       0.       0.       0.       0.       0.
 0.       0.       0.       0.075377 0.       0.232759 0.       0.
 0.       0.       0.       0.       0.       0.       0.       0.
 0.       0.       0.       0.       0.       0.       0.       0.
 0.       0.       0.       0.       0.       0.       0.       0.
 0.       0.       0.       0.       0.       0.       0.       0.
 0.       0.       0.       0.       0.       0.512195 0.280423 0.198502
 0.       0.       0.       0.       0.       0.       0.114841 0.
 0.       0.       0.       0.       0.       0.066318 0.       0.
 0.       0.       0.       0.       0.       0.       0.       0.
 0.       0.       0.       0.       0.       0.       0.       0.
 0.       0.       0.       0.       0.       0.       0.       0.
 0.       0.       0.       0.       0.       0.168605 0.       0.224806
 0.       0.       0.250569 0.       0.       0.       0.       0.
 0.       0.       0.       0.       0.       0.       0.       0.
 0.       0.       0.       0.096    0.       0.       0.       0.
 0.       0.       0.       0.       0.       0.       0.       0.
 0.192623 0.       0.       0.       0.       0.       0.       0.
 0.       0.       0.       0.       0.       0.       0.       0.192237
 0.       0.       0.       0.       0.       0.       0.       0.
 0.       0.       0.       0.       0.       0.       0.       0.241497
 0.       0.       0.       0.       0.309387 0.       0.290909 0.
 0.851613 0.       0.857143 0.       0.       0.       0.       0.
 0.       0.       0.080257 0.       0.       0.       0.       0.
 0.       0.       0.       0.       0.604839 0.       0.618557 0.378549
 0.       0.       0.       0.219828 0.       0.       0.       0.
 0.       0.       0.       0.       0.       0.       0.       0.
 0.       0.       0.       0.       0.       0.       0.       0.
 0.       0.       0.       0.       0.       0.       0.       0.
 0.       0.       0.       0.       0.136364 0.       0.402062 0.
 0.       0.       0.146739 0.146433 0.       0.206349 0.       0.
 0.       0.149068 0.       0.       0.       0.       0.       0.
 0.       0.       0.       0.381579 0.       0.       0.       0.
 0.       0.       0.       0.       0.       0.       0.       0.
 0.       0.       0.       0.       0.       0.       0.       0.
 0.       0.       0.       0.       0.       0.       0.       0.
 0.       0.       0.       0.045839 0.       0.       0.       0.
 0.       0.       0.       0.       0.       0.       0.       0.070407
 0.       0.       0.       0.       0.       0.       0.       0.
 0.       0.       0.       0.       0.       0.       0.       0.
 0.       0.       0.       0.       0.       0.       0.       0.
 0.       0.       0.       0.022431 0.       0.       0.7      0.
 0.       0.       0.       0.       0.502128 0.       0.       0.
 0.       0.       0.       0.       0.       0.       0.       0.
 0.       0.059058 0.       0.       0.       0.0625   0.061688]
Score: 0.696, n_clfs: 1
Score: 0.722, n_clfs: 2
Score: 0.704, n_clfs: 3
Score: 0.683, n_clfs: 4
[ 25 , None ]
seed id the  1 st 
XX原始数据集： <module 'ReadDataSets' from 'D:\\PycharmProjects\\software_defect_prediction-master\\ReadDataSets.py'>
bound: 1.152921504606847e+18
473587367769615360
011010010010100001010011001110101010000001010010110000000000
011010010010100001010011001110101010000001010010110000000000
<class 'str'>
[0.       0.       0.       0.       0.       0.       0.       0.
 0.       0.       0.       0.       0.       0.       0.       0.
 0.       0.       0.       0.       0.       0.       0.       0.
 0.       0.       0.       0.       0.       0.       0.       0.
 0.       0.       0.       0.       0.       0.       0.       0.
 0.       0.       0.       0.       0.       0.       0.       0.
 0.       0.       0.       0.       0.       0.       0.       0.
 0.       0.       0.       0.       0.       0.       0.       0.135065
 0.       0.       0.       0.       0.33121  0.       0.       0.
 0.       0.       0.       0.       0.       0.       0.       0.
 0.       0.       0.       0.       0.       0.       0.       0.
 0.       0.253938 0.       0.       0.       0.       0.476499 0.
 0.       0.754951 0.       0.       0.       0.       0.       0.
 0.       0.       0.       0.       0.       0.       0.       0.
 0.       0.       0.       0.       0.       0.       0.       0.
 0.       0.       0.       0.       0.       0.099187 0.       0.
 0.       0.       0.       0.       0.       0.       0.       0.
 0.       0.       0.       0.       0.       0.       0.       0.
 0.       0.       0.       0.       0.068282 0.       0.       0.
 0.       0.       0.       0.       0.       0.       0.       0.
 0.       0.       0.       0.       0.       0.       0.       0.
 0.21791  0.       0.       0.       0.       0.07766  0.222689 0.
 0.064439 0.       0.049815 0.       0.       0.       0.       0.
 0.       0.       0.       0.       0.5      0.486957 0.       0.
 0.411111 0.420455 0.       0.       0.       0.       0.       0.
 0.       0.       0.       0.       0.       0.       0.       0.
 0.       0.       0.       0.       0.       0.727891 0.       0.
 0.       0.214654 0.       0.       0.       0.       0.       0.
 0.       0.       0.       0.       0.       0.       0.       0.
 0.       0.       0.       0.47651  0.196721 0.       0.       0.
 0.       0.       0.087413 0.       0.       0.       0.       0.154687
 0.273904 0.       0.       0.324468 0.       0.       0.       0.
 0.       0.       0.       0.       0.       0.48366  0.254369 0.
 0.168067 0.       0.       0.       0.       0.       0.       0.
 0.       0.       0.       0.       0.       0.       0.       0.
 0.       0.       0.       0.       0.       0.       0.108392 0.
 0.       0.       0.       0.       0.       0.       0.       0.
 0.       0.       0.       0.       0.       0.       0.590643 0.
 0.       0.       0.       0.       0.       0.       0.       0.
 0.       0.       0.10828  0.       0.       0.       0.       0.
 0.       0.119449 0.       0.       0.       0.171271 0.       0.
 0.       0.       0.       0.       0.       0.       0.       0.
 0.       0.       0.       0.       0.161759 0.       0.       0.
 0.       0.       0.       0.       0.       0.       0.       0.
 0.       0.       0.       0.       0.       0.       0.       0.
 0.       0.       0.       0.       0.       0.       0.       0.
 0.       0.       0.       0.       0.       0.       0.       0.
 0.       0.       0.       0.       0.208633 0.       0.       0.
 0.       0.       0.442379 0.       0.       0.       0.       0.
 0.       0.       0.       0.       0.       0.163591 0.       0.
 0.       0.       0.       0.       0.       0.       0.       0.
 0.       0.       0.       0.       0.       0.       0.       0.
 0.       0.       0.       0.317224 0.       0.       0.       0.
 0.       0.       0.       0.       0.       0.       0.       0.
 0.       0.       0.       0.       0.       0.       0.       0.
 0.       0.       0.       0.       0.       0.       0.       0.188742
 0.       0.265116 0.       0.389091 0.       0.       0.       0.
 0.       0.       0.       0.       0.205714 0.       0.       0.146045
 0.       0.       0.       0.       0.       0.       0.       0.
 0.       0.       0.       0.       0.       0.       0.822581 0.822581
 0.       0.       0.       0.       0.       0.       0.       0.
 0.       0.       0.       0.       0.       0.       0.       0.
 0.       0.       0.       0.       0.       0.       0.       0.
 0.       0.       0.       0.717241 0.       0.       0.       0.
 0.       0.       0.       0.       0.       0.       0.       0.
 0.       0.       0.       0.       0.09409  0.       0.       0.
 0.       0.       0.       0.       0.       0.       0.       0.
 0.       0.       0.       0.       0.367876 0.       0.       0.
 0.       0.       0.       0.       0.       0.       0.       0.
 0.       0.       0.       0.       0.       0.       0.       0.
 0.       0.       0.       0.       0.       0.       0.       0.
 0.       0.       0.       0.       0.       0.       0.       0.
 0.       0.       0.       0.075377 0.       0.232759 0.       0.
 0.       0.       0.       0.       0.       0.       0.       0.
 0.       0.       0.       0.       0.       0.       0.       0.
 0.       0.       0.       0.       0.       0.       0.       0.
 0.       0.       0.       0.       0.       0.       0.       0.
 0.       0.       0.       0.       0.       0.512195 0.280423 0.198502
 0.       0.       0.       0.       0.       0.       0.114841 0.
 0.       0.       0.       0.       0.       0.066318 0.       0.
 0.       0.       0.       0.       0.       0.       0.       0.
 0.       0.       0.       0.       0.       0.       0.       0.
 0.       0.       0.       0.       0.       0.       0.       0.
 0.       0.       0.       0.       0.       0.168605 0.       0.224806
 0.       0.       0.250569 0.       0.       0.       0.       0.
 0.       0.       0.       0.       0.       0.       0.       0.
 0.       0.       0.       0.096    0.       0.       0.       0.
 0.       0.       0.       0.       0.       0.       0.       0.
 0.192623 0.       0.       0.       0.       0.       0.       0.
 0.       0.       0.       0.       0.       0.       0.       0.192237
 0.       0.       0.       0.       0.       0.       0.       0.
 0.       0.       0.       0.       0.       0.       0.       0.241497
 0.       0.       0.       0.       0.309387 0.       0.290909 0.
 0.851613 0.       0.857143 0.       0.       0.       0.       0.
 0.       0.       0.080257 0.       0.       0.       0.       0.
 0.       0.       0.       0.       0.604839 0.       0.618557 0.378549
 0.       0.       0.       0.219828 0.       0.       0.       0.
 0.       0.       0.       0.       0.       0.       0.       0.
 0.       0.       0.       0.       0.       0.       0.       0.
 0.       0.       0.       0.       0.       0.       0.       0.
 0.       0.       0.       0.       0.136364 0.       0.402062 0.
 0.       0.       0.146739 0.146433 0.       0.206349 0.       0.
 0.       0.149068 0.       0.       0.       0.       0.       0.
 0.       0.       0.       0.381579 0.       0.       0.       0.
 0.       0.       0.       0.       0.       0.       0.       0.
 0.       0.       0.       0.       0.       0.       0.       0.
 0.       0.       0.       0.       0.       0.       0.       0.
 0.       0.       0.       0.045839 0.       0.       0.       0.
 0.       0.       0.       0.       0.       0.       0.       0.070407
 0.       0.       0.       0.       0.       0.       0.       0.
 0.       0.       0.       0.       0.       0.       0.       0.
 0.       0.       0.       0.       0.       0.       0.       0.
 0.       0.       0.       0.022431 0.       0.       0.7      0.
 0.       0.       0.       0.       0.502128 0.       0.       0.
 0.       0.       0.       0.       0.       0.       0.       0.
 0.       0.059058 0.       0.       0.       0.0625   0.061688]
Score: 0.700, n_clfs: 1
Score: 0.726, n_clfs: 2
Score: 0.724, n_clfs: 3
Score: 0.697, n_clfs: 4
[ 21 , None ]
seed id the  2 st 
XX原始数据集： <module 'ReadDataSets' from 'D:\\PycharmProjects\\software_defect_prediction-master\\ReadDataSets.py'>
bound: 1.152921504606847e+18
206357760923635456
001011011101001000010100101001001100011111111000111100000000
001011011101001000010100101001001100011111111000111100000000
<class 'str'>
[0.       0.       0.       0.       0.       0.       0.       0.
 0.       0.       0.       0.       0.       0.       0.       0.
 0.       0.       0.       0.       0.       0.       0.       0.
 0.       0.       0.       0.       0.       0.       0.       0.
 0.       0.       0.       0.       0.       0.       0.       0.
 0.       0.       0.       0.       0.       0.       0.       0.
 0.       0.       0.       0.       0.       0.       0.       0.
 0.       0.       0.       0.       0.       0.       0.       0.135065
 0.       0.       0.       0.       0.33121  0.       0.       0.
 0.       0.       0.       0.       0.       0.       0.       0.
 0.       0.       0.       0.       0.       0.       0.       0.
 0.       0.253938 0.       0.       0.       0.       0.476499 0.
 0.       0.754951 0.       0.       0.       0.       0.       0.
 0.       0.       0.       0.       0.       0.       0.       0.
 0.       0.       0.       0.       0.       0.       0.       0.
 0.       0.       0.       0.       0.       0.099187 0.       0.
 0.       0.       0.       0.       0.       0.       0.       0.
 0.       0.       0.       0.       0.       0.       0.       0.
 0.       0.       0.       0.       0.068282 0.       0.       0.
 0.       0.       0.       0.       0.       0.       0.       0.
 0.       0.       0.       0.       0.       0.       0.       0.
 0.21791  0.       0.       0.       0.       0.07766  0.222689 0.
 0.064439 0.       0.049815 0.       0.       0.       0.       0.
 0.       0.       0.       0.       0.5      0.486957 0.       0.
 0.411111 0.420455 0.       0.       0.       0.       0.       0.
 0.       0.       0.       0.       0.       0.       0.       0.
 0.       0.       0.       0.       0.       0.727891 0.       0.
 0.       0.214654 0.       0.       0.       0.       0.       0.
 0.       0.       0.       0.       0.       0.       0.       0.
 0.       0.       0.       0.47651  0.196721 0.       0.       0.
 0.       0.       0.087413 0.       0.       0.       0.       0.154687
 0.273904 0.       0.       0.324468 0.       0.       0.       0.
 0.       0.       0.       0.       0.       0.48366  0.254369 0.
 0.168067 0.       0.       0.       0.       0.       0.       0.
 0.       0.       0.       0.       0.       0.       0.       0.
 0.       0.       0.       0.       0.       0.       0.108392 0.
 0.       0.       0.       0.       0.       0.       0.       0.
 0.       0.       0.       0.       0.       0.       0.590643 0.
 0.       0.       0.       0.       0.       0.       0.       0.
 0.       0.       0.10828  0.       0.       0.       0.       0.
 0.       0.119449 0.       0.       0.       0.171271 0.       0.
 0.       0.       0.       0.       0.       0.       0.       0.
 0.       0.       0.       0.       0.161759 0.       0.       0.
 0.       0.       0.       0.       0.       0.       0.       0.
 0.       0.       0.       0.       0.       0.       0.       0.
 0.       0.       0.       0.       0.       0.       0.       0.
 0.       0.       0.       0.       0.       0.       0.       0.
 0.       0.       0.       0.       0.208633 0.       0.       0.
 0.       0.       0.442379 0.       0.       0.       0.       0.
 0.       0.       0.       0.       0.       0.163591 0.       0.
 0.       0.       0.       0.       0.       0.       0.       0.
 0.       0.       0.       0.       0.       0.       0.       0.
 0.       0.       0.       0.317224 0.       0.       0.       0.
 0.       0.       0.       0.       0.       0.       0.       0.
 0.       0.       0.       0.       0.       0.       0.       0.
 0.       0.       0.       0.       0.       0.       0.       0.188742
 0.       0.265116 0.       0.389091 0.       0.       0.       0.
 0.       0.       0.       0.       0.205714 0.       0.       0.146045
 0.       0.       0.       0.       0.       0.       0.       0.
 0.       0.       0.       0.       0.       0.       0.822581 0.822581
 0.       0.       0.       0.       0.       0.       0.       0.
 0.       0.       0.       0.       0.       0.       0.       0.
 0.       0.       0.       0.       0.       0.       0.       0.
 0.       0.       0.       0.717241 0.       0.       0.       0.
 0.       0.       0.       0.       0.       0.       0.       0.
 0.       0.       0.       0.       0.09409  0.       0.       0.
 0.       0.       0.       0.       0.       0.       0.       0.
 0.       0.       0.       0.       0.367876 0.       0.       0.
 0.       0.       0.       0.       0.       0.       0.       0.
 0.       0.       0.       0.       0.       0.       0.       0.
 0.       0.       0.       0.       0.       0.       0.       0.
 0.       0.       0.       0.       0.       0.       0.       0.
 0.       0.       0.       0.075377 0.       0.232759 0.       0.
 0.       0.       0.       0.       0.       0.       0.       0.
 0.       0.       0.       0.       0.       0.       0.       0.
 0.       0.       0.       0.       0.       0.       0.       0.
 0.       0.       0.       0.       0.       0.       0.       0.
 0.       0.       0.       0.       0.       0.512195 0.280423 0.198502
 0.       0.       0.       0.       0.       0.       0.114841 0.
 0.       0.       0.       0.       0.       0.066318 0.       0.
 0.       0.       0.       0.       0.       0.       0.       0.
 0.       0.       0.       0.       0.       0.       0.       0.
 0.       0.       0.       0.       0.       0.       0.       0.
 0.       0.       0.       0.       0.       0.168605 0.       0.224806
 0.       0.       0.250569 0.       0.       0.       0.       0.
 0.       0.       0.       0.       0.       0.       0.       0.
 0.       0.       0.       0.096    0.       0.       0.       0.
 0.       0.       0.       0.       0.       0.       0.       0.
 0.192623 0.       0.       0.       0.       0.       0.       0.
 0.       0.       0.       0.       0.       0.       0.       0.192237
 0.       0.       0.       0.       0.       0.       0.       0.
 0.       0.       0.       0.       0.       0.       0.       0.241497
 0.       0.       0.       0.       0.309387 0.       0.290909 0.
 0.851613 0.       0.857143 0.       0.       0.       0.       0.
 0.       0.       0.080257 0.       0.       0.       0.       0.
 0.       0.       0.       0.       0.604839 0.       0.618557 0.378549
 0.       0.       0.       0.219828 0.       0.       0.       0.
 0.       0.       0.       0.       0.       0.       0.       0.
 0.       0.       0.       0.       0.       0.       0.       0.
 0.       0.       0.       0.       0.       0.       0.       0.
 0.       0.       0.       0.       0.136364 0.       0.402062 0.
 0.       0.       0.146739 0.146433 0.       0.206349 0.       0.
 0.       0.149068 0.       0.       0.       0.       0.       0.
 0.       0.       0.       0.381579 0.       0.       0.       0.
 0.       0.       0.       0.       0.       0.       0.       0.
 0.       0.       0.       0.       0.       0.       0.       0.
 0.       0.       0.       0.       0.       0.       0.       0.
 0.       0.       0.       0.045839 0.       0.       0.       0.
 0.       0.       0.       0.       0.       0.       0.       0.070407
 0.       0.       0.       0.       0.       0.       0.       0.
 0.       0.       0.       0.       0.       0.       0.       0.
 0.       0.       0.       0.       0.       0.       0.       0.
 0.       0.       0.       0.022431 0.       0.       0.7      0.
 0.       0.       0.       0.       0.502128 0.       0.       0.
 0.       0.       0.       0.       0.       0.       0.       0.
 0.       0.059058 0.       0.       0.       0.0625   0.061688]
Score: 0.696, n_clfs: 1
Score: 0.730, n_clfs: 2
Score: 0.743, n_clfs: 3
Score: 0.716, n_clfs: 4
[ 27 , None ]
seed id the  3 st 
XX原始数据集： <module 'ReadDataSets' from 'D:\\PycharmProjects\\software_defect_prediction-master\\ReadDataSets.py'>
bound: 1.152921504606847e+18
1146823118999391616
111111101010010101011000110011110100001010100000110110000000
111111101010010101011000110011110100001010100000110110000000
<class 'str'>
[0.       0.       0.       0.       0.       0.       0.       0.
 0.       0.       0.       0.       0.       0.       0.       0.
 0.       0.       0.       0.       0.       0.       0.       0.
 0.       0.       0.       0.       0.       0.       0.       0.
 0.       0.       0.       0.       0.       0.       0.       0.
 0.       0.       0.       0.       0.       0.       0.       0.
 0.       0.       0.       0.       0.       0.       0.       0.
 0.       0.       0.       0.       0.       0.       0.       0.135065
 0.       0.       0.       0.       0.33121  0.       0.       0.
 0.       0.       0.       0.       0.       0.       0.       0.
 0.       0.       0.       0.       0.       0.       0.       0.
 0.       0.253938 0.       0.       0.       0.       0.476499 0.
 0.       0.754951 0.       0.       0.       0.       0.       0.
 0.       0.       0.       0.       0.       0.       0.       0.
 0.       0.       0.       0.       0.       0.       0.       0.
 0.       0.       0.       0.       0.       0.099187 0.       0.
 0.       0.       0.       0.       0.       0.       0.       0.
 0.       0.       0.       0.       0.       0.       0.       0.
 0.       0.       0.       0.       0.068282 0.       0.       0.
 0.       0.       0.       0.       0.       0.       0.       0.
 0.       0.       0.       0.       0.       0.       0.       0.
 0.21791  0.       0.       0.       0.       0.07766  0.222689 0.
 0.064439 0.       0.049815 0.       0.       0.       0.       0.
 0.       0.       0.       0.       0.5      0.486957 0.       0.
 0.411111 0.420455 0.       0.       0.       0.       0.       0.
 0.       0.       0.       0.       0.       0.       0.       0.
 0.       0.       0.       0.       0.       0.727891 0.       0.
 0.       0.214654 0.       0.       0.       0.       0.       0.
 0.       0.       0.       0.       0.       0.       0.       0.
 0.       0.       0.       0.47651  0.196721 0.       0.       0.
 0.       0.       0.087413 0.       0.       0.       0.       0.154687
 0.273904 0.       0.       0.324468 0.       0.       0.       0.
 0.       0.       0.       0.       0.       0.48366  0.254369 0.
 0.168067 0.       0.       0.       0.       0.       0.       0.
 0.       0.       0.       0.       0.       0.       0.       0.
 0.       0.       0.       0.       0.       0.       0.108392 0.
 0.       0.       0.       0.       0.       0.       0.       0.
 0.       0.       0.       0.       0.       0.       0.590643 0.
 0.       0.       0.       0.       0.       0.       0.       0.
 0.       0.       0.10828  0.       0.       0.       0.       0.
 0.       0.119449 0.       0.       0.       0.171271 0.       0.
 0.       0.       0.       0.       0.       0.       0.       0.
 0.       0.       0.       0.       0.161759 0.       0.       0.
 0.       0.       0.       0.       0.       0.       0.       0.
 0.       0.       0.       0.       0.       0.       0.       0.
 0.       0.       0.       0.       0.       0.       0.       0.
 0.       0.       0.       0.       0.       0.       0.       0.
 0.       0.       0.       0.       0.208633 0.       0.       0.
 0.       0.       0.442379 0.       0.       0.       0.       0.
 0.       0.       0.       0.       0.       0.163591 0.       0.
 0.       0.       0.       0.       0.       0.       0.       0.
 0.       0.       0.       0.       0.       0.       0.       0.
 0.       0.       0.       0.317224 0.       0.       0.       0.
 0.       0.       0.       0.       0.       0.       0.       0.
 0.       0.       0.       0.       0.       0.       0.       0.
 0.       0.       0.       0.       0.       0.       0.       0.188742
 0.       0.265116 0.       0.389091 0.       0.       0.       0.
 0.       0.       0.       0.       0.205714 0.       0.       0.146045
 0.       0.       0.       0.       0.       0.       0.       0.
 0.       0.       0.       0.       0.       0.       0.822581 0.822581
 0.       0.       0.       0.       0.       0.       0.       0.
 0.       0.       0.       0.       0.       0.       0.       0.
 0.       0.       0.       0.       0.       0.       0.       0.
 0.       0.       0.       0.717241 0.       0.       0.       0.
 0.       0.       0.       0.       0.       0.       0.       0.
 0.       0.       0.       0.       0.09409  0.       0.       0.
 0.       0.       0.       0.       0.       0.       0.       0.
 0.       0.       0.       0.       0.367876 0.       0.       0.
 0.       0.       0.       0.       0.       0.       0.       0.
 0.       0.       0.       0.       0.       0.       0.       0.
 0.       0.       0.       0.       0.       0.       0.       0.
 0.       0.       0.       0.       0.       0.       0.       0.
 0.       0.       0.       0.075377 0.       0.232759 0.       0.
 0.       0.       0.       0.       0.       0.       0.       0.
 0.       0.       0.       0.       0.       0.       0.       0.
 0.       0.       0.       0.       0.       0.       0.       0.
 0.       0.       0.       0.       0.       0.       0.       0.
 0.       0.       0.       0.       0.       0.512195 0.280423 0.198502
 0.       0.       0.       0.       0.       0.       0.114841 0.
 0.       0.       0.       0.       0.       0.066318 0.       0.
 0.       0.       0.       0.       0.       0.       0.       0.
 0.       0.       0.       0.       0.       0.       0.       0.
 0.       0.       0.       0.       0.       0.       0.       0.
 0.       0.       0.       0.       0.       0.168605 0.       0.224806
 0.       0.       0.250569 0.       0.       0.       0.       0.
 0.       0.       0.       0.       0.       0.       0.       0.
 0.       0.       0.       0.096    0.       0.       0.       0.
 0.       0.       0.       0.       0.       0.       0.       0.
 0.192623 0.       0.       0.       0.       0.       0.       0.
 0.       0.       0.       0.       0.       0.       0.       0.192237
 0.       0.       0.       0.       0.       0.       0.       0.
 0.       0.       0.       0.       0.       0.       0.       0.241497
 0.       0.       0.       0.       0.309387 0.       0.290909 0.
 0.851613 0.       0.857143 0.       0.       0.       0.       0.
 0.       0.       0.080257 0.       0.       0.       0.       0.
 0.       0.       0.       0.       0.604839 0.       0.618557 0.378549
 0.       0.       0.       0.219828 0.       0.       0.       0.
 0.       0.       0.       0.       0.       0.       0.       0.
 0.       0.       0.       0.       0.       0.       0.       0.
 0.       0.       0.       0.       0.       0.       0.       0.
 0.       0.       0.       0.       0.136364 0.       0.402062 0.
 0.       0.       0.146739 0.146433 0.       0.206349 0.       0.
 0.       0.149068 0.       0.       0.       0.       0.       0.
 0.       0.       0.       0.381579 0.       0.       0.       0.
 0.       0.       0.       0.       0.       0.       0.       0.
 0.       0.       0.       0.       0.       0.       0.       0.
 0.       0.       0.       0.       0.       0.       0.       0.
 0.       0.       0.       0.045839 0.       0.       0.       0.
 0.       0.       0.       0.       0.       0.       0.       0.070407
 0.       0.       0.       0.       0.       0.       0.       0.
 0.       0.       0.       0.       0.       0.       0.       0.
 0.       0.       0.       0.       0.       0.       0.       0.
 0.       0.       0.       0.022431 0.       0.       0.7      0.
 0.       0.       0.       0.       0.502128 0.       0.       0.
 0.       0.       0.       0.       0.       0.       0.       0.
 0.       0.059058 0.       0.       0.       0.0625   0.061688]
Score: 0.696, n_clfs: 1
Score: 0.730, n_clfs: 2
Score: 0.731, n_clfs: 3
Score: 0.690, n_clfs: 4
[ 28 , None ]
seed id the  4 st 
XX原始数据集： <module 'ReadDataSets' from 'D:\\PycharmProjects\\software_defect_prediction-master\\ReadDataSets.py'>
bound: 1.152921504606847e+18
1066801617821109632
111011001110000010100110101101010100000010100000110110000000
111011001110000010100110101101010100000010100000110110000000
<class 'str'>
[0.       0.       0.       0.       0.       0.       0.       0.
 0.       0.       0.       0.       0.       0.       0.       0.
 0.       0.       0.       0.       0.       0.       0.       0.
 0.       0.       0.       0.       0.       0.       0.       0.
 0.       0.       0.       0.       0.       0.       0.       0.
 0.       0.       0.       0.       0.       0.       0.       0.
 0.       0.       0.       0.       0.       0.       0.       0.
 0.       0.       0.       0.       0.       0.       0.       0.135065
 0.       0.       0.       0.       0.33121  0.       0.       0.
 0.       0.       0.       0.       0.       0.       0.       0.
 0.       0.       0.       0.       0.       0.       0.       0.
 0.       0.253938 0.       0.       0.       0.       0.476499 0.
 0.       0.754951 0.       0.       0.       0.       0.       0.
 0.       0.       0.       0.       0.       0.       0.       0.
 0.       0.       0.       0.       0.       0.       0.       0.
 0.       0.       0.       0.       0.       0.099187 0.       0.
 0.       0.       0.       0.       0.       0.       0.       0.
 0.       0.       0.       0.       0.       0.       0.       0.
 0.       0.       0.       0.       0.068282 0.       0.       0.
 0.       0.       0.       0.       0.       0.       0.       0.
 0.       0.       0.       0.       0.       0.       0.       0.
 0.21791  0.       0.       0.       0.       0.07766  0.222689 0.
 0.064439 0.       0.049815 0.       0.       0.       0.       0.
 0.       0.       0.       0.       0.5      0.486957 0.       0.
 0.411111 0.420455 0.       0.       0.       0.       0.       0.
 0.       0.       0.       0.       0.       0.       0.       0.
 0.       0.       0.       0.       0.       0.727891 0.       0.
 0.       0.214654 0.       0.       0.       0.       0.       0.
 0.       0.       0.       0.       0.       0.       0.       0.
 0.       0.       0.       0.47651  0.196721 0.       0.       0.
 0.       0.       0.087413 0.       0.       0.       0.       0.154687
 0.273904 0.       0.       0.324468 0.       0.       0.       0.
 0.       0.       0.       0.       0.       0.48366  0.254369 0.
 0.168067 0.       0.       0.       0.       0.       0.       0.
 0.       0.       0.       0.       0.       0.       0.       0.
 0.       0.       0.       0.       0.       0.       0.108392 0.
 0.       0.       0.       0.       0.       0.       0.       0.
 0.       0.       0.       0.       0.       0.       0.590643 0.
 0.       0.       0.       0.       0.       0.       0.       0.
 0.       0.       0.10828  0.       0.       0.       0.       0.
 0.       0.119449 0.       0.       0.       0.171271 0.       0.
 0.       0.       0.       0.       0.       0.       0.       0.
 0.       0.       0.       0.       0.161759 0.       0.       0.
 0.       0.       0.       0.       0.       0.       0.       0.
 0.       0.       0.       0.       0.       0.       0.       0.
 0.       0.       0.       0.       0.       0.       0.       0.
 0.       0.       0.       0.       0.       0.       0.       0.
 0.       0.       0.       0.       0.208633 0.       0.       0.
 0.       0.       0.442379 0.       0.       0.       0.       0.
 0.       0.       0.       0.       0.       0.163591 0.       0.
 0.       0.       0.       0.       0.       0.       0.       0.
 0.       0.       0.       0.       0.       0.       0.       0.
 0.       0.       0.       0.317224 0.       0.       0.       0.
 0.       0.       0.       0.       0.       0.       0.       0.
 0.       0.       0.       0.       0.       0.       0.       0.
 0.       0.       0.       0.       0.       0.       0.       0.188742
 0.       0.265116 0.       0.389091 0.       0.       0.       0.
 0.       0.       0.       0.       0.205714 0.       0.       0.146045
 0.       0.       0.       0.       0.       0.       0.       0.
 0.       0.       0.       0.       0.       0.       0.822581 0.822581
 0.       0.       0.       0.       0.       0.       0.       0.
 0.       0.       0.       0.       0.       0.       0.       0.
 0.       0.       0.       0.       0.       0.       0.       0.
 0.       0.       0.       0.717241 0.       0.       0.       0.
 0.       0.       0.       0.       0.       0.       0.       0.
 0.       0.       0.       0.       0.09409  0.       0.       0.
 0.       0.       0.       0.       0.       0.       0.       0.
 0.       0.       0.       0.       0.367876 0.       0.       0.
 0.       0.       0.       0.       0.       0.       0.       0.
 0.       0.       0.       0.       0.       0.       0.       0.
 0.       0.       0.       0.       0.       0.       0.       0.
 0.       0.       0.       0.       0.       0.       0.       0.
 0.       0.       0.       0.075377 0.       0.232759 0.       0.
 0.       0.       0.       0.       0.       0.       0.       0.
 0.       0.       0.       0.       0.       0.       0.       0.
 0.       0.       0.       0.       0.       0.       0.       0.
 0.       0.       0.       0.       0.       0.       0.       0.
 0.       0.       0.       0.       0.       0.512195 0.280423 0.198502
 0.       0.       0.       0.       0.       0.       0.114841 0.
 0.       0.       0.       0.       0.       0.066318 0.       0.
 0.       0.       0.       0.       0.       0.       0.       0.
 0.       0.       0.       0.       0.       0.       0.       0.
 0.       0.       0.       0.       0.       0.       0.       0.
 0.       0.       0.       0.       0.       0.168605 0.       0.224806
 0.       0.       0.250569 0.       0.       0.       0.       0.
 0.       0.       0.       0.       0.       0.       0.       0.
 0.       0.       0.       0.096    0.       0.       0.       0.
 0.       0.       0.       0.       0.       0.       0.       0.
 0.192623 0.       0.       0.       0.       0.       0.       0.
 0.       0.       0.       0.       0.       0.       0.       0.192237
 0.       0.       0.       0.       0.       0.       0.       0.
 0.       0.       0.       0.       0.       0.       0.       0.241497
 0.       0.       0.       0.       0.309387 0.       0.290909 0.
 0.851613 0.       0.857143 0.       0.       0.       0.       0.
 0.       0.       0.080257 0.       0.       0.       0.       0.
 0.       0.       0.       0.       0.604839 0.       0.618557 0.378549
 0.       0.       0.       0.219828 0.       0.       0.       0.
 0.       0.       0.       0.       0.       0.       0.       0.
 0.       0.       0.       0.       0.       0.       0.       0.
 0.       0.       0.       0.       0.       0.       0.       0.
 0.       0.       0.       0.       0.136364 0.       0.402062 0.
 0.       0.       0.146739 0.146433 0.       0.206349 0.       0.
 0.       0.149068 0.       0.       0.       0.       0.       0.
 0.       0.       0.       0.381579 0.       0.       0.       0.
 0.       0.       0.       0.       0.       0.       0.       0.
 0.       0.       0.       0.       0.       0.       0.       0.
 0.       0.       0.       0.       0.       0.       0.       0.
 0.       0.       0.       0.045839 0.       0.       0.       0.
 0.       0.       0.       0.       0.       0.       0.       0.070407
 0.       0.       0.       0.       0.       0.       0.       0.
 0.       0.       0.       0.       0.       0.       0.       0.
 0.       0.       0.       0.       0.       0.       0.       0.
 0.       0.       0.       0.022431 0.       0.       0.7      0.
 0.       0.       0.       0.       0.502128 0.       0.       0.
 0.       0.       0.       0.       0.       0.       0.       0.
 0.       0.059058 0.       0.       0.       0.0625   0.061688]
Score: 0.694, n_clfs: 1
Score: 0.725, n_clfs: 2
Score: 0.702, n_clfs: 3
Score: 0.679, n_clfs: 4
[ 24 , None ]
seed id the  5 st 
XX原始数据集： <module 'ReadDataSets' from 'D:\\PycharmProjects\\software_defect_prediction-master\\ReadDataSets.py'>
bound: 1.152921504606847e+18
115505184315593088
000110011010010110110101101001101000110110001101000110000000
000110011010010110110101101001101000110110001101000110000000
<class 'str'>
[0.       0.       0.       0.       0.       0.       0.       0.
 0.       0.       0.       0.       0.       0.       0.       0.
 0.       0.       0.       0.       0.       0.       0.       0.
 0.       0.       0.       0.       0.       0.       0.       0.
 0.       0.       0.       0.       0.       0.       0.       0.
 0.       0.       0.       0.       0.       0.       0.       0.
 0.       0.       0.       0.       0.       0.       0.       0.
 0.       0.       0.       0.       0.       0.       0.       0.135065
 0.       0.       0.       0.       0.33121  0.       0.       0.
 0.       0.       0.       0.       0.       0.       0.       0.
 0.       0.       0.       0.       0.       0.       0.       0.
 0.       0.253938 0.       0.       0.       0.       0.476499 0.
 0.       0.754951 0.       0.       0.       0.       0.       0.
 0.       0.       0.       0.       0.       0.       0.       0.
 0.       0.       0.       0.       0.       0.       0.       0.
 0.       0.       0.       0.       0.       0.099187 0.       0.
 0.       0.       0.       0.       0.       0.       0.       0.
 0.       0.       0.       0.       0.       0.       0.       0.
 0.       0.       0.       0.       0.068282 0.       0.       0.
 0.       0.       0.       0.       0.       0.       0.       0.
 0.       0.       0.       0.       0.       0.       0.       0.
 0.21791  0.       0.       0.       0.       0.07766  0.222689 0.
 0.064439 0.       0.049815 0.       0.       0.       0.       0.
 0.       0.       0.       0.       0.5      0.486957 0.       0.
 0.411111 0.420455 0.       0.       0.       0.       0.       0.
 0.       0.       0.       0.       0.       0.       0.       0.
 0.       0.       0.       0.       0.       0.727891 0.       0.
 0.       0.214654 0.       0.       0.       0.       0.       0.
 0.       0.       0.       0.       0.       0.       0.       0.
 0.       0.       0.       0.47651  0.196721 0.       0.       0.
 0.       0.       0.087413 0.       0.       0.       0.       0.154687
 0.273904 0.       0.       0.324468 0.       0.       0.       0.
 0.       0.       0.       0.       0.       0.48366  0.254369 0.
 0.168067 0.       0.       0.       0.       0.       0.       0.
 0.       0.       0.       0.       0.       0.       0.       0.
 0.       0.       0.       0.       0.       0.       0.108392 0.
 0.       0.       0.       0.       0.       0.       0.       0.
 0.       0.       0.       0.       0.       0.       0.590643 0.
 0.       0.       0.       0.       0.       0.       0.       0.
 0.       0.       0.10828  0.       0.       0.       0.       0.
 0.       0.119449 0.       0.       0.       0.171271 0.       0.
 0.       0.       0.       0.       0.       0.       0.       0.
 0.       0.       0.       0.       0.161759 0.       0.       0.
 0.       0.       0.       0.       0.       0.       0.       0.
 0.       0.       0.       0.       0.       0.       0.       0.
 0.       0.       0.       0.       0.       0.       0.       0.
 0.       0.       0.       0.       0.       0.       0.       0.
 0.       0.       0.       0.       0.208633 0.       0.       0.
 0.       0.       0.442379 0.       0.       0.       0.       0.
 0.       0.       0.       0.       0.       0.163591 0.       0.
 0.       0.       0.       0.       0.       0.       0.       0.
 0.       0.       0.       0.       0.       0.       0.       0.
 0.       0.       0.       0.317224 0.       0.       0.       0.
 0.       0.       0.       0.       0.       0.       0.       0.
 0.       0.       0.       0.       0.       0.       0.       0.
 0.       0.       0.       0.       0.       0.       0.       0.188742
 0.       0.265116 0.       0.389091 0.       0.       0.       0.
 0.       0.       0.       0.       0.205714 0.       0.       0.146045
 0.       0.       0.       0.       0.       0.       0.       0.
 0.       0.       0.       0.       0.       0.       0.822581 0.822581
 0.       0.       0.       0.       0.       0.       0.       0.
 0.       0.       0.       0.       0.       0.       0.       0.
 0.       0.       0.       0.       0.       0.       0.       0.
 0.       0.       0.       0.717241 0.       0.       0.       0.
 0.       0.       0.       0.       0.       0.       0.       0.
 0.       0.       0.       0.       0.09409  0.       0.       0.
 0.       0.       0.       0.       0.       0.       0.       0.
 0.       0.       0.       0.       0.367876 0.       0.       0.
 0.       0.       0.       0.       0.       0.       0.       0.
 0.       0.       0.       0.       0.       0.       0.       0.
 0.       0.       0.       0.       0.       0.       0.       0.
 0.       0.       0.       0.       0.       0.       0.       0.
 0.       0.       0.       0.075377 0.       0.232759 0.       0.
 0.       0.       0.       0.       0.       0.       0.       0.
 0.       0.       0.       0.       0.       0.       0.       0.
 0.       0.       0.       0.       0.       0.       0.       0.
 0.       0.       0.       0.       0.       0.       0.       0.
 0.       0.       0.       0.       0.       0.512195 0.280423 0.198502
 0.       0.       0.       0.       0.       0.       0.114841 0.
 0.       0.       0.       0.       0.       0.066318 0.       0.
 0.       0.       0.       0.       0.       0.       0.       0.
 0.       0.       0.       0.       0.       0.       0.       0.
 0.       0.       0.       0.       0.       0.       0.       0.
 0.       0.       0.       0.       0.       0.168605 0.       0.224806
 0.       0.       0.250569 0.       0.       0.       0.       0.
 0.       0.       0.       0.       0.       0.       0.       0.
 0.       0.       0.       0.096    0.       0.       0.       0.
 0.       0.       0.       0.       0.       0.       0.       0.
 0.192623 0.       0.       0.       0.       0.       0.       0.
 0.       0.       0.       0.       0.       0.       0.       0.192237
 0.       0.       0.       0.       0.       0.       0.       0.
 0.       0.       0.       0.       0.       0.       0.       0.241497
 0.       0.       0.       0.       0.309387 0.       0.290909 0.
 0.851613 0.       0.857143 0.       0.       0.       0.       0.
 0.       0.       0.080257 0.       0.       0.       0.       0.
 0.       0.       0.       0.       0.604839 0.       0.618557 0.378549
 0.       0.       0.       0.219828 0.       0.       0.       0.
 0.       0.       0.       0.       0.       0.       0.       0.
 0.       0.       0.       0.       0.       0.       0.       0.
 0.       0.       0.       0.       0.       0.       0.       0.
 0.       0.       0.       0.       0.136364 0.       0.402062 0.
 0.       0.       0.146739 0.146433 0.       0.206349 0.       0.
 0.       0.149068 0.       0.       0.       0.       0.       0.
 0.       0.       0.       0.381579 0.       0.       0.       0.
 0.       0.       0.       0.       0.       0.       0.       0.
 0.       0.       0.       0.       0.       0.       0.       0.
 0.       0.       0.       0.       0.       0.       0.       0.
 0.       0.       0.       0.045839 0.       0.       0.       0.
 0.       0.       0.       0.       0.       0.       0.       0.070407
 0.       0.       0.       0.       0.       0.       0.       0.
 0.       0.       0.       0.       0.       0.       0.       0.
 0.       0.       0.       0.       0.       0.       0.       0.
 0.       0.       0.       0.022431 0.       0.       0.7      0.
 0.       0.       0.       0.       0.502128 0.       0.       0.
 0.       0.       0.       0.       0.       0.       0.       0.
 0.       0.059058 0.       0.       0.       0.0625   0.061688]
Score: 0.696, n_clfs: 1
Score: 0.726, n_clfs: 2
Score: 0.699, n_clfs: 3
Score: 0.675, n_clfs: 4
[ 26 , None ]
seed id the  6 st 
XX原始数据集： <module 'ReadDataSets' from 'D:\\PycharmProjects\\software_defect_prediction-master\\ReadDataSets.py'>
bound: 1.152921504606847e+18
758462109390541184
101010000110100110010100010100011101110100010001000110000000
101010000110100110010100010100011101110100010001000110000000
<class 'str'>
[0.       0.       0.       0.       0.       0.       0.       0.
 0.       0.       0.       0.       0.       0.       0.       0.
 0.       0.       0.       0.       0.       0.       0.       0.
 0.       0.       0.       0.       0.       0.       0.       0.
 0.       0.       0.       0.       0.       0.       0.       0.
 0.       0.       0.       0.       0.       0.       0.       0.
 0.       0.       0.       0.       0.       0.       0.       0.
 0.       0.       0.       0.       0.       0.       0.       0.135065
 0.       0.       0.       0.       0.33121  0.       0.       0.
 0.       0.       0.       0.       0.       0.       0.       0.
 0.       0.       0.       0.       0.       0.       0.       0.
 0.       0.253938 0.       0.       0.       0.       0.476499 0.
 0.       0.754951 0.       0.       0.       0.       0.       0.
 0.       0.       0.       0.       0.       0.       0.       0.
 0.       0.       0.       0.       0.       0.       0.       0.
 0.       0.       0.       0.       0.       0.099187 0.       0.
 0.       0.       0.       0.       0.       0.       0.       0.
 0.       0.       0.       0.       0.       0.       0.       0.
 0.       0.       0.       0.       0.068282 0.       0.       0.
 0.       0.       0.       0.       0.       0.       0.       0.
 0.       0.       0.       0.       0.       0.       0.       0.
 0.21791  0.       0.       0.       0.       0.07766  0.222689 0.
 0.064439 0.       0.049815 0.       0.       0.       0.       0.
 0.       0.       0.       0.       0.5      0.486957 0.       0.
 0.411111 0.420455 0.       0.       0.       0.       0.       0.
 0.       0.       0.       0.       0.       0.       0.       0.
 0.       0.       0.       0.       0.       0.727891 0.       0.
 0.       0.214654 0.       0.       0.       0.       0.       0.
 0.       0.       0.       0.       0.       0.       0.       0.
 0.       0.       0.       0.47651  0.196721 0.       0.       0.
 0.       0.       0.087413 0.       0.       0.       0.       0.154687
 0.273904 0.       0.       0.324468 0.       0.       0.       0.
 0.       0.       0.       0.       0.       0.48366  0.254369 0.
 0.168067 0.       0.       0.       0.       0.       0.       0.
 0.       0.       0.       0.       0.       0.       0.       0.
 0.       0.       0.       0.       0.       0.       0.108392 0.
 0.       0.       0.       0.       0.       0.       0.       0.
 0.       0.       0.       0.       0.       0.       0.590643 0.
 0.       0.       0.       0.       0.       0.       0.       0.
 0.       0.       0.10828  0.       0.       0.       0.       0.
 0.       0.119449 0.       0.       0.       0.171271 0.       0.
 0.       0.       0.       0.       0.       0.       0.       0.
 0.       0.       0.       0.       0.161759 0.       0.       0.
 0.       0.       0.       0.       0.       0.       0.       0.
 0.       0.       0.       0.       0.       0.       0.       0.
 0.       0.       0.       0.       0.       0.       0.       0.
 0.       0.       0.       0.       0.       0.       0.       0.
 0.       0.       0.       0.       0.208633 0.       0.       0.
 0.       0.       0.442379 0.       0.       0.       0.       0.
 0.       0.       0.       0.       0.       0.163591 0.       0.
 0.       0.       0.       0.       0.       0.       0.       0.
 0.       0.       0.       0.       0.       0.       0.       0.
 0.       0.       0.       0.317224 0.       0.       0.       0.
 0.       0.       0.       0.       0.       0.       0.       0.
 0.       0.       0.       0.       0.       0.       0.       0.
 0.       0.       0.       0.       0.       0.       0.       0.188742
 0.       0.265116 0.       0.389091 0.       0.       0.       0.
 0.       0.       0.       0.       0.205714 0.       0.       0.146045
 0.       0.       0.       0.       0.       0.       0.       0.
 0.       0.       0.       0.       0.       0.       0.822581 0.822581
 0.       0.       0.       0.       0.       0.       0.       0.
 0.       0.       0.       0.       0.       0.       0.       0.
 0.       0.       0.       0.       0.       0.       0.       0.
 0.       0.       0.       0.717241 0.       0.       0.       0.
 0.       0.       0.       0.       0.       0.       0.       0.
 0.       0.       0.       0.       0.09409  0.       0.       0.
 0.       0.       0.       0.       0.       0.       0.       0.
 0.       0.       0.       0.       0.367876 0.       0.       0.
 0.       0.       0.       0.       0.       0.       0.       0.
 0.       0.       0.       0.       0.       0.       0.       0.
 0.       0.       0.       0.       0.       0.       0.       0.
 0.       0.       0.       0.       0.       0.       0.       0.
 0.       0.       0.       0.075377 0.       0.232759 0.       0.
 0.       0.       0.       0.       0.       0.       0.       0.
 0.       0.       0.       0.       0.       0.       0.       0.
 0.       0.       0.       0.       0.       0.       0.       0.
 0.       0.       0.       0.       0.       0.       0.       0.
 0.       0.       0.       0.       0.       0.512195 0.280423 0.198502
 0.       0.       0.       0.       0.       0.       0.114841 0.
 0.       0.       0.       0.       0.       0.066318 0.       0.
 0.       0.       0.       0.       0.       0.       0.       0.
 0.       0.       0.       0.       0.       0.       0.       0.
 0.       0.       0.       0.       0.       0.       0.       0.
 0.       0.       0.       0.       0.       0.168605 0.       0.224806
 0.       0.       0.250569 0.       0.       0.       0.       0.
 0.       0.       0.       0.       0.       0.       0.       0.
 0.       0.       0.       0.096    0.       0.       0.       0.
 0.       0.       0.       0.       0.       0.       0.       0.
 0.192623 0.       0.       0.       0.       0.       0.       0.
 0.       0.       0.       0.       0.       0.       0.       0.192237
 0.       0.       0.       0.       0.       0.       0.       0.
 0.       0.       0.       0.       0.       0.       0.       0.241497
 0.       0.       0.       0.       0.309387 0.       0.290909 0.
 0.851613 0.       0.857143 0.       0.       0.       0.       0.
 0.       0.       0.080257 0.       0.       0.       0.       0.
 0.       0.       0.       0.       0.604839 0.       0.618557 0.378549
 0.       0.       0.       0.219828 0.       0.       0.       0.
 0.       0.       0.       0.       0.       0.       0.       0.
 0.       0.       0.       0.       0.       0.       0.       0.
 0.       0.       0.       0.       0.       0.       0.       0.
 0.       0.       0.       0.       0.136364 0.       0.402062 0.
 0.       0.       0.146739 0.146433 0.       0.206349 0.       0.
 0.       0.149068 0.       0.       0.       0.       0.       0.
 0.       0.       0.       0.381579 0.       0.       0.       0.
 0.       0.       0.       0.       0.       0.       0.       0.
 0.       0.       0.       0.       0.       0.       0.       0.
 0.       0.       0.       0.       0.       0.       0.       0.
 0.       0.       0.       0.045839 0.       0.       0.       0.
 0.       0.       0.       0.       0.       0.       0.       0.070407
 0.       0.       0.       0.       0.       0.       0.       0.
 0.       0.       0.       0.       0.       0.       0.       0.
 0.       0.       0.       0.       0.       0.       0.       0.
 0.       0.       0.       0.022431 0.       0.       0.7      0.
 0.       0.       0.       0.       0.502128 0.       0.       0.
 0.       0.       0.       0.       0.       0.       0.       0.
 0.       0.059058 0.       0.       0.       0.0625   0.061688]
Score: 0.694, n_clfs: 1
Score: 0.726, n_clfs: 2
Score: 0.717, n_clfs: 3
Score: 0.695, n_clfs: 4
[ 23 , None ]
seed id the  7 st 
XX原始数据集： <module 'ReadDataSets' from 'D:\\PycharmProjects\\software_defect_prediction-master\\ReadDataSets.py'>
bound: 1.152921504606847e+18
623560725316616832
100010100111010101010010110100001000011000011100001010000000
100010100111010101010010110100001000011000011100001010000000
<class 'str'>
[0.       0.       0.       0.       0.       0.       0.       0.
 0.       0.       0.       0.       0.       0.       0.       0.
 0.       0.       0.       0.       0.       0.       0.       0.
 0.       0.       0.       0.       0.       0.       0.       0.
 0.       0.       0.       0.       0.       0.       0.       0.
 0.       0.       0.       0.       0.       0.       0.       0.
 0.       0.       0.       0.       0.       0.       0.       0.
 0.       0.       0.       0.       0.       0.       0.       0.135065
 0.       0.       0.       0.       0.33121  0.       0.       0.
 0.       0.       0.       0.       0.       0.       0.       0.
 0.       0.       0.       0.       0.       0.       0.       0.
 0.       0.253938 0.       0.       0.       0.       0.476499 0.
 0.       0.754951 0.       0.       0.       0.       0.       0.
 0.       0.       0.       0.       0.       0.       0.       0.
 0.       0.       0.       0.       0.       0.       0.       0.
 0.       0.       0.       0.       0.       0.099187 0.       0.
 0.       0.       0.       0.       0.       0.       0.       0.
 0.       0.       0.       0.       0.       0.       0.       0.
 0.       0.       0.       0.       0.068282 0.       0.       0.
 0.       0.       0.       0.       0.       0.       0.       0.
 0.       0.       0.       0.       0.       0.       0.       0.
 0.21791  0.       0.       0.       0.       0.07766  0.222689 0.
 0.064439 0.       0.049815 0.       0.       0.       0.       0.
 0.       0.       0.       0.       0.5      0.486957 0.       0.
 0.411111 0.420455 0.       0.       0.       0.       0.       0.
 0.       0.       0.       0.       0.       0.       0.       0.
 0.       0.       0.       0.       0.       0.727891 0.       0.
 0.       0.214654 0.       0.       0.       0.       0.       0.
 0.       0.       0.       0.       0.       0.       0.       0.
 0.       0.       0.       0.47651  0.196721 0.       0.       0.
 0.       0.       0.087413 0.       0.       0.       0.       0.154687
 0.273904 0.       0.       0.324468 0.       0.       0.       0.
 0.       0.       0.       0.       0.       0.48366  0.254369 0.
 0.168067 0.       0.       0.       0.       0.       0.       0.
 0.       0.       0.       0.       0.       0.       0.       0.
 0.       0.       0.       0.       0.       0.       0.108392 0.
 0.       0.       0.       0.       0.       0.       0.       0.
 0.       0.       0.       0.       0.       0.       0.590643 0.
 0.       0.       0.       0.       0.       0.       0.       0.
 0.       0.       0.10828  0.       0.       0.       0.       0.
 0.       0.119449 0.       0.       0.       0.171271 0.       0.
 0.       0.       0.       0.       0.       0.       0.       0.
 0.       0.       0.       0.       0.161759 0.       0.       0.
 0.       0.       0.       0.       0.       0.       0.       0.
 0.       0.       0.       0.       0.       0.       0.       0.
 0.       0.       0.       0.       0.       0.       0.       0.
 0.       0.       0.       0.       0.       0.       0.       0.
 0.       0.       0.       0.       0.208633 0.       0.       0.
 0.       0.       0.442379 0.       0.       0.       0.       0.
 0.       0.       0.       0.       0.       0.163591 0.       0.
 0.       0.       0.       0.       0.       0.       0.       0.
 0.       0.       0.       0.       0.       0.       0.       0.
 0.       0.       0.       0.317224 0.       0.       0.       0.
 0.       0.       0.       0.       0.       0.       0.       0.
 0.       0.       0.       0.       0.       0.       0.       0.
 0.       0.       0.       0.       0.       0.       0.       0.188742
 0.       0.265116 0.       0.389091 0.       0.       0.       0.
 0.       0.       0.       0.       0.205714 0.       0.       0.146045
 0.       0.       0.       0.       0.       0.       0.       0.
 0.       0.       0.       0.       0.       0.       0.822581 0.822581
 0.       0.       0.       0.       0.       0.       0.       0.
 0.       0.       0.       0.       0.       0.       0.       0.
 0.       0.       0.       0.       0.       0.       0.       0.
 0.       0.       0.       0.717241 0.       0.       0.       0.
 0.       0.       0.       0.       0.       0.       0.       0.
 0.       0.       0.       0.       0.09409  0.       0.       0.
 0.       0.       0.       0.       0.       0.       0.       0.
 0.       0.       0.       0.       0.367876 0.       0.       0.
 0.       0.       0.       0.       0.       0.       0.       0.
 0.       0.       0.       0.       0.       0.       0.       0.
 0.       0.       0.       0.       0.       0.       0.       0.
 0.       0.       0.       0.       0.       0.       0.       0.
 0.       0.       0.       0.075377 0.       0.232759 0.       0.
 0.       0.       0.       0.       0.       0.       0.       0.
 0.       0.       0.       0.       0.       0.       0.       0.
 0.       0.       0.       0.       0.       0.       0.       0.
 0.       0.       0.       0.       0.       0.       0.       0.
 0.       0.       0.       0.       0.       0.512195 0.280423 0.198502
 0.       0.       0.       0.       0.       0.       0.114841 0.
 0.       0.       0.       0.       0.       0.066318 0.       0.
 0.       0.       0.       0.       0.       0.       0.       0.
 0.       0.       0.       0.       0.       0.       0.       0.
 0.       0.       0.       0.       0.       0.       0.       0.
 0.       0.       0.       0.       0.       0.168605 0.       0.224806
 0.       0.       0.250569 0.       0.       0.       0.       0.
 0.       0.       0.       0.       0.       0.       0.       0.
 0.       0.       0.       0.096    0.       0.       0.       0.
 0.       0.       0.       0.       0.       0.       0.       0.
 0.192623 0.       0.       0.       0.       0.       0.       0.
 0.       0.       0.       0.       0.       0.       0.       0.192237
 0.       0.       0.       0.       0.       0.       0.       0.
 0.       0.       0.       0.       0.       0.       0.       0.241497
 0.       0.       0.       0.       0.309387 0.       0.290909 0.
 0.851613 0.       0.857143 0.       0.       0.       0.       0.
 0.       0.       0.080257 0.       0.       0.       0.       0.
 0.       0.       0.       0.       0.604839 0.       0.618557 0.378549
 0.       0.       0.       0.219828 0.       0.       0.       0.
 0.       0.       0.       0.       0.       0.       0.       0.
 0.       0.       0.       0.       0.       0.       0.       0.
 0.       0.       0.       0.       0.       0.       0.       0.
 0.       0.       0.       0.       0.136364 0.       0.402062 0.
 0.       0.       0.146739 0.146433 0.       0.206349 0.       0.
 0.       0.149068 0.       0.       0.       0.       0.       0.
 0.       0.       0.       0.381579 0.       0.       0.       0.
 0.       0.       0.       0.       0.       0.       0.       0.
 0.       0.       0.       0.       0.       0.       0.       0.
 0.       0.       0.       0.       0.       0.       0.       0.
 0.       0.       0.       0.045839 0.       0.       0.       0.
 0.       0.       0.       0.       0.       0.       0.       0.070407
 0.       0.       0.       0.       0.       0.       0.       0.
 0.       0.       0.       0.       0.       0.       0.       0.
 0.       0.       0.       0.       0.       0.       0.       0.
 0.       0.       0.       0.022431 0.       0.       0.7      0.
 0.       0.       0.       0.       0.502128 0.       0.       0.
 0.       0.       0.       0.       0.       0.       0.       0.
 0.       0.059058 0.       0.       0.       0.0625   0.061688]
Score: 0.700, n_clfs: 1
Score: 0.723, n_clfs: 2
Score: 0.730, n_clfs: 3
Score: 0.697, n_clfs: 4
[ 22 , None ]
seed id the  8 st 
XX原始数据集： <module 'ReadDataSets' from 'D:\\PycharmProjects\\software_defect_prediction-master\\ReadDataSets.py'>
bound: 1.152921504606847e+18
253892929115108480
001110000110000000100100011000011010111000111011010010000000
001110000110000000100100011000011010111000111011010010000000
<class 'str'>
[0.       0.       0.       0.       0.       0.       0.       0.
 0.       0.       0.       0.       0.       0.       0.       0.
 0.       0.       0.       0.       0.       0.       0.       0.
 0.       0.       0.       0.       0.       0.       0.       0.
 0.       0.       0.       0.       0.       0.       0.       0.
 0.       0.       0.       0.       0.       0.       0.       0.
 0.       0.       0.       0.       0.       0.       0.       0.
 0.       0.       0.       0.       0.       0.       0.       0.135065
 0.       0.       0.       0.       0.33121  0.       0.       0.
 0.       0.       0.       0.       0.       0.       0.       0.
 0.       0.       0.       0.       0.       0.       0.       0.
 0.       0.253938 0.       0.       0.       0.       0.476499 0.
 0.       0.754951 0.       0.       0.       0.       0.       0.
 0.       0.       0.       0.       0.       0.       0.       0.
 0.       0.       0.       0.       0.       0.       0.       0.
 0.       0.       0.       0.       0.       0.099187 0.       0.
 0.       0.       0.       0.       0.       0.       0.       0.
 0.       0.       0.       0.       0.       0.       0.       0.
 0.       0.       0.       0.       0.068282 0.       0.       0.
 0.       0.       0.       0.       0.       0.       0.       0.
 0.       0.       0.       0.       0.       0.       0.       0.
 0.21791  0.       0.       0.       0.       0.07766  0.222689 0.
 0.064439 0.       0.049815 0.       0.       0.       0.       0.
 0.       0.       0.       0.       0.5      0.486957 0.       0.
 0.411111 0.420455 0.       0.       0.       0.       0.       0.
 0.       0.       0.       0.       0.       0.       0.       0.
 0.       0.       0.       0.       0.       0.727891 0.       0.
 0.       0.214654 0.       0.       0.       0.       0.       0.
 0.       0.       0.       0.       0.       0.       0.       0.
 0.       0.       0.       0.47651  0.196721 0.       0.       0.
 0.       0.       0.087413 0.       0.       0.       0.       0.154687
 0.273904 0.       0.       0.324468 0.       0.       0.       0.
 0.       0.       0.       0.       0.       0.48366  0.254369 0.
 0.168067 0.       0.       0.       0.       0.       0.       0.
 0.       0.       0.       0.       0.       0.       0.       0.
 0.       0.       0.       0.       0.       0.       0.108392 0.
 0.       0.       0.       0.       0.       0.       0.       0.
 0.       0.       0.       0.       0.       0.       0.590643 0.
 0.       0.       0.       0.       0.       0.       0.       0.
 0.       0.       0.10828  0.       0.       0.       0.       0.
 0.       0.119449 0.       0.       0.       0.171271 0.       0.
 0.       0.       0.       0.       0.       0.       0.       0.
 0.       0.       0.       0.       0.161759 0.       0.       0.
 0.       0.       0.       0.       0.       0.       0.       0.
 0.       0.       0.       0.       0.       0.       0.       0.
 0.       0.       0.       0.       0.       0.       0.       0.
 0.       0.       0.       0.       0.       0.       0.       0.
 0.       0.       0.       0.       0.208633 0.       0.       0.
 0.       0.       0.442379 0.       0.       0.       0.       0.
 0.       0.       0.       0.       0.       0.163591 0.       0.
 0.       0.       0.       0.       0.       0.       0.       0.
 0.       0.       0.       0.       0.       0.       0.       0.
 0.       0.       0.       0.317224 0.       0.       0.       0.
 0.       0.       0.       0.       0.       0.       0.       0.
 0.       0.       0.       0.       0.       0.       0.       0.
 0.       0.       0.       0.       0.       0.       0.       0.188742
 0.       0.265116 0.       0.389091 0.       0.       0.       0.
 0.       0.       0.       0.       0.205714 0.       0.       0.146045
 0.       0.       0.       0.       0.       0.       0.       0.
 0.       0.       0.       0.       0.       0.       0.822581 0.822581
 0.       0.       0.       0.       0.       0.       0.       0.
 0.       0.       0.       0.       0.       0.       0.       0.
 0.       0.       0.       0.       0.       0.       0.       0.
 0.       0.       0.       0.717241 0.       0.       0.       0.
 0.       0.       0.       0.       0.       0.       0.       0.
 0.       0.       0.       0.       0.09409  0.       0.       0.
 0.       0.       0.       0.       0.       0.       0.       0.
 0.       0.       0.       0.       0.367876 0.       0.       0.
 0.       0.       0.       0.       0.       0.       0.       0.
 0.       0.       0.       0.       0.       0.       0.       0.
 0.       0.       0.       0.       0.       0.       0.       0.
 0.       0.       0.       0.       0.       0.       0.       0.
 0.       0.       0.       0.075377 0.       0.232759 0.       0.
 0.       0.       0.       0.       0.       0.       0.       0.
 0.       0.       0.       0.       0.       0.       0.       0.
 0.       0.       0.       0.       0.       0.       0.       0.
 0.       0.       0.       0.       0.       0.       0.       0.
 0.       0.       0.       0.       0.       0.512195 0.280423 0.198502
 0.       0.       0.       0.       0.       0.       0.114841 0.
 0.       0.       0.       0.       0.       0.066318 0.       0.
 0.       0.       0.       0.       0.       0.       0.       0.
 0.       0.       0.       0.       0.       0.       0.       0.
 0.       0.       0.       0.       0.       0.       0.       0.
 0.       0.       0.       0.       0.       0.168605 0.       0.224806
 0.       0.       0.250569 0.       0.       0.       0.       0.
 0.       0.       0.       0.       0.       0.       0.       0.
 0.       0.       0.       0.096    0.       0.       0.       0.
 0.       0.       0.       0.       0.       0.       0.       0.
 0.192623 0.       0.       0.       0.       0.       0.       0.
 0.       0.       0.       0.       0.       0.       0.       0.192237
 0.       0.       0.       0.       0.       0.       0.       0.
 0.       0.       0.       0.       0.       0.       0.       0.241497
 0.       0.       0.       0.       0.309387 0.       0.290909 0.
 0.851613 0.       0.857143 0.       0.       0.       0.       0.
 0.       0.       0.080257 0.       0.       0.       0.       0.
 0.       0.       0.       0.       0.604839 0.       0.618557 0.378549
 0.       0.       0.       0.219828 0.       0.       0.       0.
 0.       0.       0.       0.       0.       0.       0.       0.
 0.       0.       0.       0.       0.       0.       0.       0.
 0.       0.       0.       0.       0.       0.       0.       0.
 0.       0.       0.       0.       0.136364 0.       0.402062 0.
 0.       0.       0.146739 0.146433 0.       0.206349 0.       0.
 0.       0.149068 0.       0.       0.       0.       0.       0.
 0.       0.       0.       0.381579 0.       0.       0.       0.
 0.       0.       0.       0.       0.       0.       0.       0.
 0.       0.       0.       0.       0.       0.       0.       0.
 0.       0.       0.       0.       0.       0.       0.       0.
 0.       0.       0.       0.045839 0.       0.       0.       0.
 0.       0.       0.       0.       0.       0.       0.       0.070407
 0.       0.       0.       0.       0.       0.       0.       0.
 0.       0.       0.       0.       0.       0.       0.       0.
 0.       0.       0.       0.       0.       0.       0.       0.
 0.       0.       0.       0.022431 0.       0.       0.7      0.
 0.       0.       0.       0.       0.502128 0.       0.       0.
 0.       0.       0.       0.       0.       0.       0.       0.
 0.       0.059058 0.       0.       0.       0.0625   0.061688]
Score: 0.700, n_clfs: 1
Score: 0.725, n_clfs: 2
Score: 0.698, n_clfs: 3
Score: 0.668, n_clfs: 4
[ 22 , None ]
seed id the  9 st 
XX原始数据集： <module 'ReadDataSets' from 'D:\\PycharmProjects\\software_defect_prediction-master\\ReadDataSets.py'>
bound: 1.152921504606847e+18
30773113420161024
000001101101010100111111101111001110000010101010000000000000
000001101101010100111111101111001110000010101010000000000000
<class 'str'>
[0.       0.       0.       0.       0.       0.       0.       0.
 0.       0.       0.       0.       0.       0.       0.       0.
 0.       0.       0.       0.       0.       0.       0.       0.
 0.       0.       0.       0.       0.       0.       0.       0.
 0.       0.       0.       0.       0.       0.       0.       0.
 0.       0.       0.       0.       0.       0.       0.       0.
 0.       0.       0.       0.       0.       0.       0.       0.
 0.       0.       0.       0.       0.       0.       0.       0.135065
 0.       0.       0.       0.       0.33121  0.       0.       0.
 0.       0.       0.       0.       0.       0.       0.       0.
 0.       0.       0.       0.       0.       0.       0.       0.
 0.       0.253938 0.       0.       0.       0.       0.476499 0.
 0.       0.754951 0.       0.       0.       0.       0.       0.
 0.       0.       0.       0.       0.       0.       0.       0.
 0.       0.       0.       0.       0.       0.       0.       0.
 0.       0.       0.       0.       0.       0.099187 0.       0.
 0.       0.       0.       0.       0.       0.       0.       0.
 0.       0.       0.       0.       0.       0.       0.       0.
 0.       0.       0.       0.       0.068282 0.       0.       0.
 0.       0.       0.       0.       0.       0.       0.       0.
 0.       0.       0.       0.       0.       0.       0.       0.
 0.21791  0.       0.       0.       0.       0.07766  0.222689 0.
 0.064439 0.       0.049815 0.       0.       0.       0.       0.
 0.       0.       0.       0.       0.5      0.486957 0.       0.
 0.411111 0.420455 0.       0.       0.       0.       0.       0.
 0.       0.       0.       0.       0.       0.       0.       0.
 0.       0.       0.       0.       0.       0.727891 0.       0.
 0.       0.214654 0.       0.       0.       0.       0.       0.
 0.       0.       0.       0.       0.       0.       0.       0.
 0.       0.       0.       0.47651  0.196721 0.       0.       0.
 0.       0.       0.087413 0.       0.       0.       0.       0.154687
 0.273904 0.       0.       0.324468 0.       0.       0.       0.
 0.       0.       0.       0.       0.       0.48366  0.254369 0.
 0.168067 0.       0.       0.       0.       0.       0.       0.
 0.       0.       0.       0.       0.       0.       0.       0.
 0.       0.       0.       0.       0.       0.       0.108392 0.
 0.       0.       0.       0.       0.       0.       0.       0.
 0.       0.       0.       0.       0.       0.       0.590643 0.
 0.       0.       0.       0.       0.       0.       0.       0.
 0.       0.       0.10828  0.       0.       0.       0.       0.
 0.       0.119449 0.       0.       0.       0.171271 0.       0.
 0.       0.       0.       0.       0.       0.       0.       0.
 0.       0.       0.       0.       0.161759 0.       0.       0.
 0.       0.       0.       0.       0.       0.       0.       0.
 0.       0.       0.       0.       0.       0.       0.       0.
 0.       0.       0.       0.       0.       0.       0.       0.
 0.       0.       0.       0.       0.       0.       0.       0.
 0.       0.       0.       0.       0.208633 0.       0.       0.
 0.       0.       0.442379 0.       0.       0.       0.       0.
 0.       0.       0.       0.       0.       0.163591 0.       0.
 0.       0.       0.       0.       0.       0.       0.       0.
 0.       0.       0.       0.       0.       0.       0.       0.
 0.       0.       0.       0.317224 0.       0.       0.       0.
 0.       0.       0.       0.       0.       0.       0.       0.
 0.       0.       0.       0.       0.       0.       0.       0.
 0.       0.       0.       0.       0.       0.       0.       0.188742
 0.       0.265116 0.       0.389091 0.       0.       0.       0.
 0.       0.       0.       0.       0.205714 0.       0.       0.146045
 0.       0.       0.       0.       0.       0.       0.       0.
 0.       0.       0.       0.       0.       0.       0.822581 0.822581
 0.       0.       0.       0.       0.       0.       0.       0.
 0.       0.       0.       0.       0.       0.       0.       0.
 0.       0.       0.       0.       0.       0.       0.       0.
 0.       0.       0.       0.717241 0.       0.       0.       0.
 0.       0.       0.       0.       0.       0.       0.       0.
 0.       0.       0.       0.       0.09409  0.       0.       0.
 0.       0.       0.       0.       0.       0.       0.       0.
 0.       0.       0.       0.       0.367876 0.       0.       0.
 0.       0.       0.       0.       0.       0.       0.       0.
 0.       0.       0.       0.       0.       0.       0.       0.
 0.       0.       0.       0.       0.       0.       0.       0.
 0.       0.       0.       0.       0.       0.       0.       0.
 0.       0.       0.       0.075377 0.       0.232759 0.       0.
 0.       0.       0.       0.       0.       0.       0.       0.
 0.       0.       0.       0.       0.       0.       0.       0.
 0.       0.       0.       0.       0.       0.       0.       0.
 0.       0.       0.       0.       0.       0.       0.       0.
 0.       0.       0.       0.       0.       0.512195 0.280423 0.198502
 0.       0.       0.       0.       0.       0.       0.114841 0.
 0.       0.       0.       0.       0.       0.066318 0.       0.
 0.       0.       0.       0.       0.       0.       0.       0.
 0.       0.       0.       0.       0.       0.       0.       0.
 0.       0.       0.       0.       0.       0.       0.       0.
 0.       0.       0.       0.       0.       0.168605 0.       0.224806
 0.       0.       0.250569 0.       0.       0.       0.       0.
 0.       0.       0.       0.       0.       0.       0.       0.
 0.       0.       0.       0.096    0.       0.       0.       0.
 0.       0.       0.       0.       0.       0.       0.       0.
 0.192623 0.       0.       0.       0.       0.       0.       0.
 0.       0.       0.       0.       0.       0.       0.       0.192237
 0.       0.       0.       0.       0.       0.       0.       0.
 0.       0.       0.       0.       0.       0.       0.       0.241497
 0.       0.       0.       0.       0.309387 0.       0.290909 0.
 0.851613 0.       0.857143 0.       0.       0.       0.       0.
 0.       0.       0.080257 0.       0.       0.       0.       0.
 0.       0.       0.       0.       0.604839 0.       0.618557 0.378549
 0.       0.       0.       0.219828 0.       0.       0.       0.
 0.       0.       0.       0.       0.       0.       0.       0.
 0.       0.       0.       0.       0.       0.       0.       0.
 0.       0.       0.       0.       0.       0.       0.       0.
 0.       0.       0.       0.       0.136364 0.       0.402062 0.
 0.       0.       0.146739 0.146433 0.       0.206349 0.       0.
 0.       0.149068 0.       0.       0.       0.       0.       0.
 0.       0.       0.       0.381579 0.       0.       0.       0.
 0.       0.       0.       0.       0.       0.       0.       0.
 0.       0.       0.       0.       0.       0.       0.       0.
 0.       0.       0.       0.       0.       0.       0.       0.
 0.       0.       0.       0.045839 0.       0.       0.       0.
 0.       0.       0.       0.       0.       0.       0.       0.070407
 0.       0.       0.       0.       0.       0.       0.       0.
 0.       0.       0.       0.       0.       0.       0.       0.
 0.       0.       0.       0.       0.       0.       0.       0.
 0.       0.       0.       0.022431 0.       0.       0.7      0.
 0.       0.       0.       0.       0.502128 0.       0.       0.
 0.       0.       0.       0.       0.       0.       0.       0.
 0.       0.059058 0.       0.       0.       0.0625   0.061688]
Score: 0.696, n_clfs: 1
Score: 0.723, n_clfs: 2
Score: 0.713, n_clfs: 3
Score: 0.695, n_clfs: 4
[ 25 , None ]
seed id the  10 st 
XX原始数据集： <module 'ReadDataSets' from 'D:\\PycharmProjects\\software_defect_prediction-master\\ReadDataSets.py'>
bound: 1.152921504606847e+18
691804292395504000
100110011001110010000101011010101110010100110001000110000000
100110011001110010000101011010101110010100110001000110000000
<class 'str'>
[0.       0.       0.       0.       0.       0.       0.       0.
 0.       0.       0.       0.       0.       0.       0.       0.
 0.       0.       0.       0.       0.       0.       0.       0.
 0.       0.       0.       0.       0.       0.       0.       0.
 0.       0.       0.       0.       0.       0.       0.       0.
 0.       0.       0.       0.       0.       0.       0.       0.
 0.       0.       0.       0.       0.       0.       0.       0.
 0.       0.       0.       0.       0.       0.       0.       0.135065
 0.       0.       0.       0.       0.33121  0.       0.       0.
 0.       0.       0.       0.       0.       0.       0.       0.
 0.       0.       0.       0.       0.       0.       0.       0.
 0.       0.253938 0.       0.       0.       0.       0.476499 0.
 0.       0.754951 0.       0.       0.       0.       0.       0.
 0.       0.       0.       0.       0.       0.       0.       0.
 0.       0.       0.       0.       0.       0.       0.       0.
 0.       0.       0.       0.       0.       0.099187 0.       0.
 0.       0.       0.       0.       0.       0.       0.       0.
 0.       0.       0.       0.       0.       0.       0.       0.
 0.       0.       0.       0.       0.068282 0.       0.       0.
 0.       0.       0.       0.       0.       0.       0.       0.
 0.       0.       0.       0.       0.       0.       0.       0.
 0.21791  0.       0.       0.       0.       0.07766  0.222689 0.
 0.064439 0.       0.049815 0.       0.       0.       0.       0.
 0.       0.       0.       0.       0.5      0.486957 0.       0.
 0.411111 0.420455 0.       0.       0.       0.       0.       0.
 0.       0.       0.       0.       0.       0.       0.       0.
 0.       0.       0.       0.       0.       0.727891 0.       0.
 0.       0.214654 0.       0.       0.       0.       0.       0.
 0.       0.       0.       0.       0.       0.       0.       0.
 0.       0.       0.       0.47651  0.196721 0.       0.       0.
 0.       0.       0.087413 0.       0.       0.       0.       0.154687
 0.273904 0.       0.       0.324468 0.       0.       0.       0.
 0.       0.       0.       0.       0.       0.48366  0.254369 0.
 0.168067 0.       0.       0.       0.       0.       0.       0.
 0.       0.       0.       0.       0.       0.       0.       0.
 0.       0.       0.       0.       0.       0.       0.108392 0.
 0.       0.       0.       0.       0.       0.       0.       0.
 0.       0.       0.       0.       0.       0.       0.590643 0.
 0.       0.       0.       0.       0.       0.       0.       0.
 0.       0.       0.10828  0.       0.       0.       0.       0.
 0.       0.119449 0.       0.       0.       0.171271 0.       0.
 0.       0.       0.       0.       0.       0.       0.       0.
 0.       0.       0.       0.       0.161759 0.       0.       0.
 0.       0.       0.       0.       0.       0.       0.       0.
 0.       0.       0.       0.       0.       0.       0.       0.
 0.       0.       0.       0.       0.       0.       0.       0.
 0.       0.       0.       0.       0.       0.       0.       0.
 0.       0.       0.       0.       0.208633 0.       0.       0.
 0.       0.       0.442379 0.       0.       0.       0.       0.
 0.       0.       0.       0.       0.       0.163591 0.       0.
 0.       0.       0.       0.       0.       0.       0.       0.
 0.       0.       0.       0.       0.       0.       0.       0.
 0.       0.       0.       0.317224 0.       0.       0.       0.
 0.       0.       0.       0.       0.       0.       0.       0.
 0.       0.       0.       0.       0.       0.       0.       0.
 0.       0.       0.       0.       0.       0.       0.       0.188742
 0.       0.265116 0.       0.389091 0.       0.       0.       0.
 0.       0.       0.       0.       0.205714 0.       0.       0.146045
 0.       0.       0.       0.       0.       0.       0.       0.
 0.       0.       0.       0.       0.       0.       0.822581 0.822581
 0.       0.       0.       0.       0.       0.       0.       0.
 0.       0.       0.       0.       0.       0.       0.       0.
 0.       0.       0.       0.       0.       0.       0.       0.
 0.       0.       0.       0.717241 0.       0.       0.       0.
 0.       0.       0.       0.       0.       0.       0.       0.
 0.       0.       0.       0.       0.09409  0.       0.       0.
 0.       0.       0.       0.       0.       0.       0.       0.
 0.       0.       0.       0.       0.367876 0.       0.       0.
 0.       0.       0.       0.       0.       0.       0.       0.
 0.       0.       0.       0.       0.       0.       0.       0.
 0.       0.       0.       0.       0.       0.       0.       0.
 0.       0.       0.       0.       0.       0.       0.       0.
 0.       0.       0.       0.075377 0.       0.232759 0.       0.
 0.       0.       0.       0.       0.       0.       0.       0.
 0.       0.       0.       0.       0.       0.       0.       0.
 0.       0.       0.       0.       0.       0.       0.       0.
 0.       0.       0.       0.       0.       0.       0.       0.
 0.       0.       0.       0.       0.       0.512195 0.280423 0.198502
 0.       0.       0.       0.       0.       0.       0.114841 0.
 0.       0.       0.       0.       0.       0.066318 0.       0.
 0.       0.       0.       0.       0.       0.       0.       0.
 0.       0.       0.       0.       0.       0.       0.       0.
 0.       0.       0.       0.       0.       0.       0.       0.
 0.       0.       0.       0.       0.       0.168605 0.       0.224806
 0.       0.       0.250569 0.       0.       0.       0.       0.
 0.       0.       0.       0.       0.       0.       0.       0.
 0.       0.       0.       0.096    0.       0.       0.       0.
 0.       0.       0.       0.       0.       0.       0.       0.
 0.192623 0.       0.       0.       0.       0.       0.       0.
 0.       0.       0.       0.       0.       0.       0.       0.192237
 0.       0.       0.       0.       0.       0.       0.       0.
 0.       0.       0.       0.       0.       0.       0.       0.241497
 0.       0.       0.       0.       0.309387 0.       0.290909 0.
 0.851613 0.       0.857143 0.       0.       0.       0.       0.
 0.       0.       0.080257 0.       0.       0.       0.       0.
 0.       0.       0.       0.       0.604839 0.       0.618557 0.378549
 0.       0.       0.       0.219828 0.       0.       0.       0.
 0.       0.       0.       0.       0.       0.       0.       0.
 0.       0.       0.       0.       0.       0.       0.       0.
 0.       0.       0.       0.       0.       0.       0.       0.
 0.       0.       0.       0.       0.136364 0.       0.402062 0.
 0.       0.       0.146739 0.146433 0.       0.206349 0.       0.
 0.       0.149068 0.       0.       0.       0.       0.       0.
 0.       0.       0.       0.381579 0.       0.       0.       0.
 0.       0.       0.       0.       0.       0.       0.       0.
 0.       0.       0.       0.       0.       0.       0.       0.
 0.       0.       0.       0.       0.       0.       0.       0.
 0.       0.       0.       0.045839 0.       0.       0.       0.
 0.       0.       0.       0.       0.       0.       0.       0.070407
 0.       0.       0.       0.       0.       0.       0.       0.
 0.       0.       0.       0.       0.       0.       0.       0.
 0.       0.       0.       0.       0.       0.       0.       0.
 0.       0.       0.       0.022431 0.       0.       0.7      0.
 0.       0.       0.       0.       0.502128 0.       0.       0.
 0.       0.       0.       0.       0.       0.       0.       0.
 0.       0.059058 0.       0.       0.       0.0625   0.061688]
Score: 0.696, n_clfs: 1
Score: 0.722, n_clfs: 2
Score: 0.724, n_clfs: 3
Score: 0.700, n_clfs: 4
[ 25 , None ]
['010000001110101010001000011111011101010100011100001110000000', '011010010010100001010011001110101010000001010010110000000000', '001011011101001000010100101001001100011111111000111100000000', '111111101010010101011000110011110100001010100000110110000000', '111011001110000010100110101101010100000010100000110110000000', '000110011010010110110101101001101000110110001101000110000000', '101010000110100110010100010100011101110100010001000110000000', '100010100111010101010010110100001000011000011100001010000000', '001110000110000000100100011000011010111000111011010010000000', '000001101101010100111111101111001110000010101010000000000000', '100110011001110010000101011010101110010100110001000110000000'] Pop_Fv [[25, None], [21, None], [27, None], [28, None], [24, None], [26, None], [23, None], [22, None], [22, None], [25, None], [25, None]]
耗时： 77.98533749580383 秒
010000001110101010001000011111011101010100011100001110000000
<class 'str'>
010000001110101010001000011111011101010100011100001110000000
<class 'numpy.str_'>
[0.       0.       0.       0.       0.       0.       0.       0.
 0.       0.       0.       0.       0.       0.       0.       0.
 0.       0.       0.       0.       0.       0.       0.       0.
 0.       0.       0.       0.       0.       0.       0.       0.
 0.       0.       0.       0.       0.       0.       0.       0.
 0.       0.       0.       0.       0.       0.       0.       0.
 0.       0.       0.       0.       0.       0.       0.       0.
 0.       0.       0.       0.       0.       0.       0.       0.135065
 0.       0.       0.       0.       0.33121  0.       0.       0.
 0.       0.       0.       0.       0.       0.       0.       0.
 0.       0.       0.       0.       0.       0.       0.       0.
 0.       0.253938 0.       0.       0.       0.       0.476499 0.
 0.       0.754951 0.       0.       0.       0.       0.       0.
 0.       0.       0.       0.       0.       0.       0.       0.
 0.       0.       0.       0.       0.       0.       0.       0.
 0.       0.       0.       0.       0.       0.099187 0.       0.
 0.       0.       0.       0.       0.       0.       0.       0.
 0.       0.       0.       0.       0.       0.       0.       0.
 0.       0.       0.       0.       0.068282 0.       0.       0.
 0.       0.       0.       0.       0.       0.       0.       0.
 0.       0.       0.       0.       0.       0.       0.       0.
 0.21791  0.       0.       0.       0.       0.07766  0.222689 0.
 0.064439 0.       0.049815 0.       0.       0.       0.       0.
 0.       0.       0.       0.       0.5      0.486957 0.       0.
 0.411111 0.420455 0.       0.       0.       0.       0.       0.
 0.       0.       0.       0.       0.       0.       0.       0.
 0.       0.       0.       0.       0.       0.727891 0.       0.
 0.       0.214654 0.       0.       0.       0.       0.       0.
 0.       0.       0.       0.       0.       0.       0.       0.
 0.       0.       0.       0.47651  0.196721 0.       0.       0.
 0.       0.       0.087413 0.       0.       0.       0.       0.154687
 0.273904 0.       0.       0.324468 0.       0.       0.       0.
 0.       0.       0.       0.       0.       0.48366  0.254369 0.
 0.168067 0.       0.       0.       0.       0.       0.       0.
 0.       0.       0.       0.       0.       0.       0.       0.
 0.       0.       0.       0.       0.       0.       0.108392 0.
 0.       0.       0.       0.       0.       0.       0.       0.
 0.       0.       0.       0.       0.       0.       0.590643 0.
 0.       0.       0.       0.       0.       0.       0.       0.
 0.       0.       0.10828  0.       0.       0.       0.       0.
 0.       0.119449 0.       0.       0.       0.171271 0.       0.
 0.       0.       0.       0.       0.       0.       0.       0.
 0.       0.       0.       0.       0.161759 0.       0.       0.
 0.       0.       0.       0.       0.       0.       0.       0.
 0.       0.       0.       0.       0.       0.       0.       0.
 0.       0.       0.       0.       0.       0.       0.       0.
 0.       0.       0.       0.       0.       0.       0.       0.
 0.       0.       0.       0.       0.208633 0.       0.       0.
 0.       0.       0.442379 0.       0.       0.       0.       0.
 0.       0.       0.       0.       0.       0.163591 0.       0.
 0.       0.       0.       0.       0.       0.       0.       0.
 0.       0.       0.       0.       0.       0.       0.       0.
 0.       0.       0.       0.317224 0.       0.       0.       0.
 0.       0.       0.       0.       0.       0.       0.       0.
 0.       0.       0.       0.       0.       0.       0.       0.
 0.       0.       0.       0.       0.       0.       0.       0.188742
 0.       0.265116 0.       0.389091 0.       0.       0.       0.
 0.       0.       0.       0.       0.205714 0.       0.       0.146045
 0.       0.       0.       0.       0.       0.       0.       0.
 0.       0.       0.       0.       0.       0.       0.822581 0.822581
 0.       0.       0.       0.       0.       0.       0.       0.
 0.       0.       0.       0.       0.       0.       0.       0.
 0.       0.       0.       0.       0.       0.       0.       0.
 0.       0.       0.       0.717241 0.       0.       0.       0.
 0.       0.       0.       0.       0.       0.       0.       0.
 0.       0.       0.       0.       0.09409  0.       0.       0.
 0.       0.       0.       0.       0.       0.       0.       0.
 0.       0.       0.       0.       0.367876 0.       0.       0.
 0.       0.       0.       0.       0.       0.       0.       0.
 0.       0.       0.       0.       0.       0.       0.       0.
 0.       0.       0.       0.       0.       0.       0.       0.
 0.       0.       0.       0.       0.       0.       0.       0.
 0.       0.       0.       0.075377 0.       0.232759 0.       0.
 0.       0.       0.       0.       0.       0.       0.       0.
 0.       0.       0.       0.       0.       0.       0.       0.
 0.       0.       0.       0.       0.       0.       0.       0.
 0.       0.       0.       0.       0.       0.       0.       0.
 0.       0.       0.       0.       0.       0.512195 0.280423 0.198502
 0.       0.       0.       0.       0.       0.       0.114841 0.
 0.       0.       0.       0.       0.       0.066318 0.       0.
 0.       0.       0.       0.       0.       0.       0.       0.
 0.       0.       0.       0.       0.       0.       0.       0.
 0.       0.       0.       0.       0.       0.       0.       0.
 0.       0.       0.       0.       0.       0.168605 0.       0.224806
 0.       0.       0.250569 0.       0.       0.       0.       0.
 0.       0.       0.       0.       0.       0.       0.       0.
 0.       0.       0.       0.096    0.       0.       0.       0.
 0.       0.       0.       0.       0.       0.       0.       0.
 0.192623 0.       0.       0.       0.       0.       0.       0.
 0.       0.       0.       0.       0.       0.       0.       0.192237
 0.       0.       0.       0.       0.       0.       0.       0.
 0.       0.       0.       0.       0.       0.       0.       0.241497
 0.       0.       0.       0.       0.309387 0.       0.290909 0.
 0.851613 0.       0.857143 0.       0.       0.       0.       0.
 0.       0.       0.080257 0.       0.       0.       0.       0.
 0.       0.       0.       0.       0.604839 0.       0.618557 0.378549
 0.       0.       0.       0.219828 0.       0.       0.       0.
 0.       0.       0.       0.       0.       0.       0.       0.
 0.       0.       0.       0.       0.       0.       0.       0.
 0.       0.       0.       0.       0.       0.       0.       0.
 0.       0.       0.       0.       0.136364 0.       0.402062 0.
 0.       0.       0.146739 0.146433 0.       0.206349 0.       0.
 0.       0.149068 0.       0.       0.       0.       0.       0.
 0.       0.       0.       0.381579 0.       0.       0.       0.
 0.       0.       0.       0.       0.       0.       0.       0.
 0.       0.       0.       0.       0.       0.       0.       0.
 0.       0.       0.       0.       0.       0.       0.       0.
 0.       0.       0.       0.045839 0.       0.       0.       0.
 0.       0.       0.       0.       0.       0.       0.       0.070407
 0.       0.       0.       0.       0.       0.       0.       0.
 0.       0.       0.       0.       0.       0.       0.       0.
 0.       0.       0.       0.       0.       0.       0.       0.
 0.       0.       0.       0.022431 0.       0.       0.7      0.
 0.       0.       0.       0.       0.502128 0.       0.       0.
 0.       0.       0.       0.       0.       0.       0.       0.
 0.       0.059058 0.       0.       0.       0.0625   0.061688]
Score: 0.696, n_clfs: 1
Score: 0.720, n_clfs: 2
Score: 0.717, n_clfs: 3
Score: 0.689, n_clfs: 4
[ 25 , None ]
MOEAD___Utils [25, None]